0.0286469 5.0276e-05
2.39172
2.04448
1.05724
1
1
1
1
1
1
1
1.50068
1.10792
2.33516
2.2224
2.07964
2.37688
2.09411
1.67135
1.45859
1.49583
1.59307
1.72031
1.75755
1.35479
1.22203
1
1
1
1
1
1
1
1
1
1
1
1
1
1
1
1
1
1
1
1
1
1
1
1
1
1
1
1
1
1
1.25354
1.3663
1.82906
1.88182
2.36458
1.95734
2.3301
2.20286
2.10562
2.17839
1.88115
1.69391
1.56667
1.31943
1.75219
1.60495
1.91771
2.25047
1.93323
2.28599
2.58875
2.70151
2.66427
2.25703
2.71979
1.47255
1.52531
1.65807
1.95083
2.45359
2.95635
3.25911
3.05187
3.44464
3.5174
3.67016
2.00292
2.11568
1
1
1
1
1
1
1
1
1
1
1
1
1
1
1.72292
1.53016
1.0874
3.13464
2.76187
2.36911
2.05635
2.82359
3.04083
3.32807
2.96531
2.89255
2.61979
2.53703
2.35427
2.24151
2.37875
3.41599
3.14323
3.21047
2.74771
3.34495
3.12219
3.06943
2.83667
2.67391
2.28115
2.37839
2.20562
1.81286
1.7801
1.31734
1.70458
1.24182
1
1
1
1
2.05802
1.91526
2.0025
1.62974
1.81698
1.39422
1.18146
1.1287
1
1
1
1
1
1
1
1.17339
1.53615
1.09891
1
1.25443
1
1
1
1
1
1
1
1
1
1
1
1.15755
1.58031
1.86307
2.36583
2.81859
2.50135
2.81411
2.32687
1
1
1
1
1
1
1
1.03896
1
1.00448
1
1
1.24276
1.26552
1
1.69896
