0.0324172 5.21412e-05
1
1
1
1.98247
3.08106
2.77965
3.00824
2.66682
2.27541
1.754
1.64259
1.18118
2.60976
2.18835
1.96694
1.53553
1.10412
1.38271
1.05129
1.10988
1.14847
1.96706
1.60565
1.53424
1.14282
1.35141
1
1
1
1
1
1
1
1
1
1
1
1
1.23694
1.27835
1.64976
1.91118
2.35259
2.804
2.89541
2.18682
2.53824
2.90965
2.93106
2.20247
2.61388
2.80529
2.46671
2.53812
2.51953
2.18094
2.65235
2.91376
3.39518
3.05659
1.908
2.38941
2.82082
3.06224
2.98365
3.39506
2.85647
3.31788
3.65929
3.97071
4.34212
4.82353
4.53494
3.39635
3.74776
3.40918
3.21059
3.692
2.64341
2.66482
2.46624
2.49765
2.96906
2.59047
1.84188
1.84329
1.32471
1
1
1
1
1
1
1
1
1
1
1
1
1
1
1
1
1
1
1
1
1
1
1
1
1
1
1
1
2.05435
1.66294
1.70153
1.66012
1.56871
1.08729
1.10588
1
1.14306
1
1.92024
1.43882
2.04741
1.806
2.36459
2.07318
2.05176
1.59035
1.97894
1.62753
1.13612
1.97471
1.88329
2.52188
2.30047
3.16906
3.11765
3.11624
2.63482
2.16341
1.832
1.83059
1.65918
1.88776
1.94635
1.81494
1.38353
1.27212
1
1
1
1
2.98506
3.02365
2.72224
2.24082
2.51941
2.488
2.16659
1.66518
1.25376
1
1
1
1
1
1
1
1
1.36894
1.70035
1.98176
2.02318
2.52459
2.706
3.21741
3.67882
3.12024
3.42165
3.43306
2.35447
1.75588
1.99729
2.42871
2.91012
2.84153
2.84294
3.19435
3.63576
3.82718
4.04859
1
1
3.95718
3.77576
